Height
cm
156.9
169.3
204.7
219.0
189.6
212.1
172.4
190.9
194.7
218.2
166.8
184.5
192.2
142.0
198.9
209.8
198.9
159.8
195.7
201.5
187.2
190.8
180.0
175.7
169.8
174.6
173.2
189.4
198.8
178.0
154.7
158.9
138.6
194.9
175.8
178.6
170.0
165.4
190.3
159.4
173.2
195.2
180.3
147.9
203.1
189.3
174.7
177.0
171.4
170.6
181.7
192.0
166.0
178.8
159.4
172.9
174.0
159.3
169.2
176.1
173.7
157.8
187.6
212.1
149.2
218.0
178.3
173.1
160.6
200.4
204.6
213.4
155.5
171.3
151.4
152.3
195.7
191.8
179.5
182.0
203.8
206.9
155.8
218.6
215.4
180.0
193.2
162.7
171.3
176.1
180.8
168.4
180.4
145.7
159.7
169.1
190.4
187.5
150.0
169.6
180.1
210.8
167.6
213.7
168.6
176.5
181.0
216.2
194.1
188.7
193.0
163.7
170.6
188.0
158.3
169.0
170.0
158.3
172.0
200.3
192.0
168.9
185.3
229.4
206.5
176.8
166.2
142.5
153.6
161.0
164.8
204.8
189.0
205.4
166.5
203.0
189.1
176.7
153.4
212.1
188.3
207.8
161.1
175.3
162.9
194.5
177.0
142.9
183.7
173.1
165.5
174.4
160.2
189.1
222.4
204.7
215.2
162.6
189.7
204.3
172.1
169.1
179.5
200.7
161.6
172.7
198.3
165.4
152.1
170.1
172.6
178.8
196.7
165.4
153.0
161.1
189.4
210.1
170.8
208.1
189.2
167.1
197.3
187.7
175.7
171.2
172.5
175.5
225.0
202.5
206.7
189.0
173.6
219.6
176.4
209.4
204.5
145.2
179.1
190.9
204.4
159.7
160.1
171.7
212.0
193.0
201.0
147.7
187.2
161.8
182.9
220.3
144.5
181.5
220.0
159.8
176.3
154.7
199.5
190.5
164.6
198.3
191.6
178.7
165.6
145.2
160.2
171.1
191.2
134.3
175.2
190.5
203.9
195.6
188.8
204.0
184.1
157.4
169.6
195.2
170.7
157.4
160.9
170.5
191.7
188.3
191.9
167.1
181.9
185.2
188.9
143.5
175.0
211.5
204.9
173.5
212.1
175.0
158.8
166.6
175.8
188.4
163.6
171.1
150.6
197.8
178.6
210.3
197.5
236.6
183.7
174.5
173.4
162.2
199.1
181.8
172.7
159.9
195.4
160.6
203.2
190.7
188.0
183.2
218.5
174.6
179.4
213.2
188.0
176.0
183.6
225.3
164.6
190.7
190.3
146.4
169.1
196.8
152.0
151.1
161.5
181.2
209.3
175.3
167.3
177.4
147.4
152.2
195.7
167.3
172.2
144.8
172.4
164.4
188.9
197.1
164.2
182.2
159.2
198.7
183.3
176.6
180.6
186.1
190.1
164.3
151.4
184.0
202.7
227.4
152.1
174.4
177.8
193.8
179.9
166.0
154.4
190.9
175.2
151.9
180.9
188.2
189.9
185.2
188.2
165.4
175.0
198.7
177.3
159.2
201.8
203.7
196.6
186.4
225.6
200.6
183.3
158.3
186.8
167.2
183.5
169.9
200.7
179.7
172.6
193.9
175.0
142.3
199.6
195.7
184.3
222.7
182.8
180.7
211.7
199.6
208.9
163.5
223.9
189.9
157.7
171.7
165.9
190.1
201.6
188.6
179.3
191.1
165.6
202.5
200.9
160.3
171.5
178.5
181.5
187.3
170.2
209.9
156.4
199.0
183.5
149.2
161.0
173.7
206.9
192.5
135.5
189.4
144.0
163.9
149.7
172.0
210.6
199.2
160.8
193.2
176.1
174.6
219.9
188.8
194.0
193.8
181.6
174.0
161.7
196.3
171.9
167.9
186.2
168.5
197.7
167.2
211.0
202.5
171.8
204.1
164.6
152.9
209.2
179.8
156.9
174.5
233.0
208.2
148.9
170.9
164.3
178.9
200.0
163.7
170.0
159.5
184.3
148.3
167.8
191.6
164.4
212.7
200.9
144.4
159.5
186.7
184.2
169.1
173.5
180.7
226.2
184.8
169.7
163.6
194.0
161.9
146.0
178.9
164.0
181.8
188.6
210.1
185.4
157.5
179.4
235.8
197.4
206.1
166.0
193.7
193.2
181.6
175.8
196.2
170.4
179.3
160.7
150.8
178.2
178.8
181.2
195.1
142.0
162.3
194.8
171.2
202.1
192.2
155.9
187.3
221.6
184.6
186.4
211.9
227.2
168.3
176.5
181.5
156.0
179.1
152.6
205.2
174.4
194.6
183.2
199.4
191.1
201.1
177.8
168.2
198.8
217.8
167.9
197.8
187.5
221.8
169.0
142.7
194.0
186.4
176.0
174.2
164.3
183.2
209.1
170.8
179.3
168.7
161.9
206.5
185.3
176.4
195.7
208.1
179.0
178.8
177.6
196.6
179.5
191.5
192.8
191.9
207.2
162.1
208.7
193.2
139.4
198.8
231.2
186.0
198.5
211.6
206.9
164.2
195.2
198.9
192.0
174.7
177.2
223.8
156.4
169.4
198.2
149.6
170.2
186.5
166.2
166.7
209.8
180.9
179.6
147.8
187.5
211.5
164.3
186.0
177.7
187.7
176.5
172.7
181.7
172.5
161.4
201.1
187.7
168.6
209.4
207.4
166.4
195.9
208.2
219.0
228.8
198.1
170.4
139.7
209.4
171.5
215.7
184.2
195.9
168.4
189.8
205.8
206.7
159.7
174.6
162.5
183.2
139.3
200.1
199.6
177.2
180.9
164.9
170.9
169.7
172.7
176.0
214.4
217.1
177.1
230.2
209.4
176.7
176.7
141.7
195.0
158.5
135.9
207.8
175.3
184.6
197.0
179.5
179.1
143.4
183.4
182.1
216.7
190.4
184.0
145.8
184.1
162.5
170.5
224.7
156.3
181.2
169.3
181.3
184.6
185.9
177.2
161.6
177.0
141.2
200.3
197.7
179.4
187.6
191.9
196.6
191.1
173.3
146.8
179.9
165.5
185.1
160.1
182.5
206.5
154.6
161.5
227.9
140.7
159.9
186.6
187.1
179.2
175.9
183.7
164.6
159.7
224.3
208.2
174.7
154.6
173.5
219.7
125.2
134.7
178.9
156.3
183.0
200.4
180.2
166.7
204.9
182.9
191.3
153.3
186.2
207.1
163.4
225.7
154.5
170.4
197.0
177.4
168.1
179.5
178.0
153.1
191.1
144.9
205.5
192.9
200.1
188.1
154.1
198.1
203.9
151.0
174.3
198.9
203.8
159.8
198.5
116.4
196.3
188.3
204.6
174.4
164.6
229.3
181.5
162.3
153.9
162.4
160.6
209.6
186.0
157.1
174.7
173.6
199.1
147.5
139.1
212.0
188.2
184.5
162.4
192.2
160.0
182.9
186.3
202.9
179.8
176.5
181.8
182.4
171.8
165.1
175.5
186.8
183.3
158.0
199.6
204.1
177.3
223.4
147.2
171.1
207.3
198.8
160.3
176.1
215.2
153.1
180.0
195.9
152.2
189.0
161.8
198.9
188.6
210.1
184.1
172.1
184.4
173.5
142.1
205.0
184.9
191.2
192.6
155.6
194.1
137.2
205.0
163.4
163.4
220.6
174.6
152.0
193.3
175.8
224.1
196.8
223.8
157.9
147.9
203.8
188.4
191.9
169.2
169.8
199.0
175.8
202.3
167.2
173.8
175.4
181.0
186.5
184.4
179.8
177.6
182.3
165.5
161.9
216.2
132.5
177.2
203.0
166.9
173.5
152.2
183.9
184.5
200.5
196.5
155.0
189.2
179.7
200.0
194.2
195.1
172.8
155.4
223.7
165.3
188.0
192.9
205.3
181.5
179.6
181.1
180.2
180.9
218.1
193.9
149.9
189.6
190.6
207.6
165.1
178.9
214.0
190.9
179.1
187.2
161.1
177.3
179.9
183.0
152.7
188.2
180.1
192.8
171.6
156.8
168.4
208.7
182.9
160.3
217.2
189.8
178.2
186.0
175.4
149.0
210.5
171.5
170.5
149.4
189.6
221.2
205.2
202.7
166.8
184.8
182.1
156.4
185.2
173.4
194.4
180.4
186.2
190.7
198.8
209.5
183.6
120.9
174.8
163.6
205.3
197.9
176.5
166.4
159.8
189.5
203.5
188.2
185.4
168.5
203.9
214.7
201.2
207.8
177.3
185.5
213.6
183.1
172.5
194.9
213.3
168.3
180.0
147.0
186.8
189.4
167.7
167.8
174.9
177.6
188.0
139.5
141.0
174.6
164.8
230.1
223.8
199.9
190.1
172.0
186.4
164.5
199.4
199.4
185.9
190.6
191.7
170.8
170.8
202.3
174.5
199.2
146.4
143.6
140.1
168.6
188.8
175.4
192.5
177.2
178.2
210.1
214.5
147.7
188.5
182.6
161.3
