Potential
volts
3.20167
2.90304
3.63616
3.36640
3.62024
3.22898
3.21107
2.82370
3.73636
3.18444
2.89574
3.81630
3.55063
3.61766
3.30086
3.87144
2.88205
2.71177
3.30672
3.77438
3.07234
3.10564
3.98630
2.56771
3.63193
3.06085
3.00926
2.68101
2.85455
2.72062
3.61431
3.93918
3.18684
2.94736
3.52726
2.73923
3.97690
3.12136
3.89719
3.52800
4.00087
3.44744
3.10393
3.40314
2.70059
3.17711
3.80416
3.31269
3.91671
3.01292
3.16265
2.70036
3.61908
3.75130
3.24996
3.38784
3.12913
3.03695
3.47096
3.19080
3.74035
2.93018
3.33838
3.79103
3.27425
3.53314
3.33705
3.63443
3.62717
3.46014
3.86061
3.55751
3.52412
2.87823
3.07097
3.18366
3.48383
3.24696
3.39700
3.03883
3.72397
3.01615
3.02491
3.43875
3.50684
2.91948
3.35038
3.19483
3.78467
3.43708
2.99523
3.30594
3.74555
3.51241
3.08862
3.11804
2.79628
2.92686
3.38641
3.15260
3.48618
3.59372
3.32072
3.15591
3.33162
3.26266
3.02100
2.95604
3.53653
3.52560
3.44205
3.32365
3.12149
3.62749
2.77499
3.67147
3.19344
3.14471
3.11286
3.33552
3.82891
4.12946
3.64133
4.08935
3.32353
3.72365
3.86025
3.33314
3.15941
3.48723
2.87932
3.36015
2.72548
2.65059
3.36390
3.92738
3.26825
3.65229
3.07572
3.05919
3.78871
4.01702
3.35323
3.35855
3.82179
4.43797
3.00204
3.42055
2.90147
4.37760
3.90741
3.70324
3.49928
3.63486
3.37327
3.76684
4.00588
3.38528
3.25145
4.03485
4.07895
3.63773
3.21411
3.02520
3.45342
3.01705
3.81384
2.67445
3.24824
3.22251
3.41512
3.26522
2.86263
3.93058
3.62571
3.86422
3.40973
4.57476
3.54014
2.99766
3.54036
3.62609
3.56135
4.54574
3.49579
3.07453
3.75246
3.39232
3.50841
3.53079
3.47856
3.32597
3.28789
3.57513
3.49349
2.96646
3.51822
3.65625
3.91991
3.73993
3.37010
3.41391
2.80895
3.35231
3.29994
3.38581
3.36916
3.42031
3.11176
4.18305
2.89459
3.00797
2.65380
3.39246
2.86539
2.95827
3.38590
3.64561
3.81862
4.38108
3.96595
3.60668
3.05915
3.15058
3.51382
3.15339
2.91473
3.83266
4.04540
3.43853
3.25274
4.43464
2.68477
3.80994
3.31120
3.47791
3.48920
3.25591
3.41136
3.57301
2.84791
3.64997
3.30683
3.52566
3.32218
2.98271
3.34087
3.51422
3.77700
3.63727
3.11213
3.81745
3.50832
3.23781
3.18153
3.37555
4.13736
3.88797
2.91971
2.79763
3.94043
2.92105
3.12035
3.23686
3.28406
4.60368
3.30409
2.82830
3.05784
3.48803
3.81379
3.22410
3.41608
4.21596
3.49911
2.90840
3.22593
3.82778
2.88528
3.35684
3.82439
2.89238
3.78137
3.58299
3.19359
4.20137
3.53414
2.86935
2.95700
3.16225
3.32119
3.01073
3.97319
3.24376
3.26485
3.65538
3.08160
3.94877
2.90255
3.30569
3.06984
3.95218
3.50426
3.07873
3.19441
3.58464
3.25685
3.60512
3.67433
3.16038
2.92692
3.69007
3.05092
3.51222
2.89961
3.44537
3.75255
3.58879
2.94952
2.56025
3.34947
3.17448
3.48376
3.74271
2.87807
3.86042
3.42102
3.04351
3.51519
3.73087
3.38049
4.02825
3.61298
3.06846
3.84203
2.84036
3.66918
3.63931
2.96884
3.73448
4.31902
3.27459
3.43988
3.55885
2.77069
3.12822
3.30959
3.19149
3.36459
3.53622
3.34576
3.70125
3.87713
2.95466
3.40123
3.08123
2.94542
3.23130
2.62060
3.69260
3.43175
3.36972
3.15665
3.20677
3.35498
2.80380
3.29982
3.33500
4.38388
3.83858
3.69740
3.84355
3.45949
3.40063
3.72265
3.35006
2.87043
3.29156
3.19686
3.25103
2.77114
3.56757
3.27433
2.69318
3.17727
3.62771
3.45502
3.39035
3.19062
3.64061
3.17675
3.08869
3.89800
3.65611
2.99036
3.32894
3.53554
3.28576
3.64493
3.05787
